SplineFontDB: 3.0
FontName: Untitled1
FullName: Untitled1
FamilyName: Untitled1
Weight: Medium
Copyright: Created by macrico,,, with FontForge 2.0 (http://fontforge.sf.net)
UComments: "2016-11-27: Created." 
Version: 001.000
ItalicAngle: 0
UnderlinePosition: -100
UnderlineWidth: 50
Ascent: 800
Descent: 200
LayerCount: 2
Layer: 0 0 "Arri+AOgA-re"  1
Layer: 1 0 "Avant"  0
XUID: [1021 895 774958774 3706313]
OS2Version: 0
OS2_WeightWidthSlopeOnly: 0
OS2_UseTypoMetrics: 1
CreationTime: 1480283295
ModificationTime: 1480283585
OS2TypoAscent: 0
OS2TypoAOffset: 1
OS2TypoDescent: 0
OS2TypoDOffset: 1
OS2TypoLinegap: 0
OS2WinAscent: 0
OS2WinAOffset: 1
OS2WinDescent: 0
OS2WinDOffset: 1
HheadAscent: 0
HheadAOffset: 1
HheadDescent: 0
HheadDOffset: 1
OS2Vendor: 'PfEd'
DEI: 91125
Encoding: ISO8859-1
UnicodeInterp: none
NameList: Adobe Glyph List
DisplaySize: -24
AntiAlias: 1
FitToEm: 1
WinInfo: 64 16 4
BeginChars: 256 3

StartChar: a
Encoding: 97 97 0
Width: 1000
VWidth: 0
Flags: W
VStem: 132.68 193.268<476.703 622.039>
LayerCount: 2
Fore
SplineSet
626.001 -98.9072 m 0
 566.457 -85.3516 513.629 -32.2197 449.002 -50.1514 c 0
 401.45 -63.8906 357.611 -94.1543 305.535 -91.5 c 0
 252.993 -88.8232 199.275 -77.8633 157.015 -45.2275 c 0
 77.4043 10.6348 43.9863 128.418 95.8516 213.747 c 0
 136.765 287.774 219.191 331.786 302.574 334.556 c 0
 354.775 340.312 417.992 341.988 453.125 387.04 c 0
 482.729 433.053 472.217 490.822 467.364 542.078 c 0
 458.445 587.645 422.684 637.099 372.506 637.318 c 1
 322.327 624.77 330.368 562.026 325.947 522.31 c 0
 325.668 471.304 277.406 430.448 227.294 437.205 c 0
 159.04 443.308 103.673 520.244 132.68 586.867 c 0
 167.057 665.828 247.427 721.102 332.771 724.806 c 0
 420.545 733.094 515.818 714.461 580.87 651.192 c 0
 646.598 592.027 681.714 502.865 676.571 414.824 c 0
 678.343 297.1 671.457 179.195 679.957 61.6172 c 0
 689.936 12.6064 763.795 -13.1104 744.157 -69.2666 c 1
 720.343 -107.71 665.269 -108.236 626.001 -98.9072 c 0
410.131 37.0156 m 0
 457.755 85.2314 461.654 158.52 455.74 221.814 c 0
 451.118 271.283 388.544 286.479 350.204 262.659 c 0
 282.096 225.44 265.343 132.774 288.864 63.999 c 0
 304.602 11.8398 373.254 3.24902 410.131 37.0156 c 0
EndSplineSet
EndChar

StartChar: b
Encoding: 98 98 1
Width: 1136
VWidth: 0
Flags: W
HStem: -160.325 76.7998<519.825 555.503>
VStem: 157.344 267.923<68.3916 435.583> 176.678 263.322<711.685 973.597>
LayerCount: 2
Fore
SplineSet
191.408 1109.86 m 0xa0
 440.92 1127.58 443.682 1125.05 440 898.864 c 0xa0
 439.078 816.999 440.92 740.197 444.603 727.537 c 0
 452.889 695.467 490.637 679.431 536.673 688.714 c 0
 556.007 692.935 602.043 697.153 637.028 697.153 c 0
 768.689 697.153 891.144 613.6 962.957 474.345 c 1
 1020.04 366.315 1031.09 306.394 1014.52 206.804 c 0
 991.499 69.2363 939.94 -26.1328 843.266 -108 c 0
 800.914 -144.291 775.135 -158.639 728.179 -172.142 c 0
 649.919 -194.086 581.787 -194.086 520.1 -171.298 c 0
 477.748 -156.106 462.097 -154.419 402.25 -160.325 c 0
 364.502 -163.703 278.875 -167.078 212.587 -167.923 c 1
 105.784 -167.923 89.2109 -166.233 71.7168 -151.887 c 0
 60.6699 -142.603 52.3838 -130.786 52.3838 -124.036 c 0
 52.3838 -118.128 74.4805 -92.8076 102.102 -68.333 c 0
 138.009 -37.1055 153.66 -16.0059 157.344 5.09277 c 0xc0
 161.947 31.2559 175.757 649.892 176.678 871.856 c 0
 176.678 967.227 170.233 979.887 95.6562 1022.93 c 1
 57.9072 1045.72 52.3838 1066.82 79.084 1088.76 c 0
 91.9746 1099.73 122.357 1104.8 191.408 1109.86 c 0xa0
679.382 602.629 m 0
 586.392 650.735 493.399 602.629 447.364 481.097 c 0
 429.872 437.21 428.029 410.202 426.188 249.847 c 1
 425.267 68.3916 l 1xc0
 454.729 13.5342 l 2
 493.399 -57.3613 532.99 -82.6797 606.646 -83.5254 c 0
 672.016 -83.5254 704.24 -63.2695 727.258 -6.72266 c 0
 751.195 50.667 764.086 205.115 759.482 368.004 c 0
 754.88 532.578 741.989 570.558 679.382 602.629 c 0
EndSplineSet
EndChar

StartChar: c
Encoding: 99 99 2
Width: 1000
VWidth: 0
Flags: H
LayerCount: 2
Fore
SplineSet
380.952 -115.318 m 0
 311.854 -98.7939 241.006 -73.626 190.842 -20.9268 c 0
 123.531 46.5332 80.4229 138.94 72.3467 233.858 c 0
 67.252 370.587 108.141 513.529 205.314 613 c 0
 303.655 718.575 471.249 761.52 603.421 696.859 c 0
 660.062 669.709 707.762 616.868 712.45 552.02 c 0
 719.54 502.271 711.751 442.976 665.076 414.117 c 0
 632.897 386.944 586.533 378.665 548.963 399.87 c 0
 501.128 419.547 483.328 479.769 499.289 526.277 c 0
 502.443 559.855 534.368 610.257 493.947 631.485 c 0
 445.873 653.718 380.702 636.235 356.173 587.488 c 0
 303.648 500.985 310.785 396.046 310.003 298.922 c 0
 312.787 208.875 309.368 109.513 366.166 33.6709 c 0
 403.168 -19.7471 475.518 -38.4814 535.732 -17.5771 c 0
 603.144 -1.38379 648.987 56.6543 678.104 114.503 c 0
 701.17 160.327 757.405 130.953 742.004 86.8604 c 0
 719.077 21.2207 694.266 -39.3135 622.4 -80.8057 c 0
 535.463 -128.646 461.357 -126.34 380.952 -115.318 c 0
EndSplineSet
EndChar
EndChars
EndSplineFont
